     1 O37         50.1600    16.4090    -5.4030 O.co2        1 965801   0.0000
     2 C35         50.4010    16.3250    -4.1820 C.2          1 965801   0.0000
     3 O36         51.5110    16.5760    -3.7340 O.co2        1 965801  -1.0000
     4 C34         49.3570    15.8960    -3.1690 C.3          1 965801   0.0000
     5 C32         47.9990    16.4340    -3.5080 C.ar         1 965801   0.0000
     6 C31         47.7650    17.8060    -3.4510 C.ar         1 965801   0.0000
     7 C30         46.5030    18.2950    -3.7660 C.ar         1 965801   0.0000
     8 C29         45.4640    17.4320    -4.0960 C.ar         1 965801   0.0000
     9 C28         45.7200    16.0440    -4.1660 C.ar         1 965801   0.0000
    10 O27         44.7580    15.1300    -4.4810 O.3          1 965801   0.0000
    11 C26         43.4280    15.4160    -4.9060 C.3          1 965801   0.0000
    12 C25         42.9020    14.2790    -5.7560 C.3          1 965801   0.0000
    13 C17         41.8150    14.7240    -6.7210 C.3          1 965801   0.0000
    14 N09         40.5000    14.9460    -6.1380 N.4          1 965801   1.0000
    15 C16         40.0890    14.2170    -4.9240 C.3          1 965801   0.0000
    16 C18         38.9910    14.8350    -4.0880 C.ar         1 965801   0.0000
    17 C23         39.2840    16.0210    -3.4390 C.ar         1 965801   0.0000
    18 C22         38.3200    16.6180    -2.6630 C.ar         1 965801   0.0000
    19 C21         37.0720    16.0340    -2.5120 C.ar         1 965801   0.0000
    20 C20         36.7550    14.8450    -3.1620 C.ar         1 965801   0.0000
    21 C19         37.7360    14.2410    -3.9460 C.ar         1 965801   0.0000
    22 CL4         37.3800    12.6770    -4.7710 Cl           1 965801   0.0000
    23 C39         35.3790    14.2170    -2.9940 C.3          1 965801   0.0000
    24 F41         35.5980    12.9670    -2.6130 F            1 965801   0.0000
    25 F40         34.6470    14.8240    -2.0660 F            1 965801   0.0000
    26 F42         34.6800    14.2580    -4.1380 F            1 965801   0.0000
    27 C08         39.5430    15.7540    -6.9170 C.3          1 965801   0.0000
    28 C07         40.1190    17.1340    -7.3490 C.3          1 965801   0.0000
    29 C01         40.0100    18.1060    -6.2230 C.ar         1 965801   0.0000
    30 C02         41.1720    18.6150    -5.6670 C.ar         1 965801   0.0000
    31 C03         41.0810    19.5200    -4.6160 C.ar         1 965801   0.0000
    32 C04         39.8510    19.9130    -4.1140 C.ar         1 965801   0.0000
    33 C05         38.6900    19.4130    -4.6650 C.ar         1 965801   0.0000
    34 C06         38.7730    18.5110    -5.7300 C.ar         1 965801   0.0000
    35 C10         39.4520    17.6900    -8.5530 C.ar         1 965801   0.0000
    36 C15         40.2100    18.4840    -9.4100 C.ar         1 965801   0.0000
    37 C14         39.6510    19.0030   -10.5620 C.ar         1 965801   0.0000
    38 C13         38.3160    18.7660   -10.8600 C.ar         1 965801   0.0000
    39 C12         37.5510    17.9920   -10.0040 C.ar         1 965801   0.0000
    40 C11         38.1230    17.4390    -8.8560 C.ar         1 965801   0.0000
    41 C33         46.9690    15.5600    -3.8440 C.ar         1 965801   0.0000
    42 H1          49.6233    16.2344    -2.2665 H            1 965801   0.0000
    43 H2          49.3144    14.8971    -3.1512 H            1 965801   0.0000
    44 H3          48.4978    18.4327    -3.1861 H            1 965801   0.0000
    45 H4          46.3398    19.2815    -3.7552 H            1 965801   0.0000
    46 H5          44.5483    17.7886    -4.2812 H            1 965801   0.0000
    47 H6          43.4258    16.2597    -5.4429 H            1 965801   0.0000
    48 H7          42.8411    15.5295    -4.1043 H            1 965801   0.0000
    49 H8          42.5262    13.5756    -5.1527 H            1 965801   0.0000
    50 H9          43.6606    13.8957    -6.2829 H            1 965801   0.0000
    51 H10         41.7232    14.0198    -7.4251 H            1 965801   0.0000
    52 H11         42.1117    15.5807    -7.1430 H            1 965801   0.0000
    53 H12         40.8959    14.1243    -4.3406 H            1 965801   0.0000
    54 H13         39.7772    13.3103    -5.2081 H            1 965801   0.0000
    55 H14         40.1874    16.4392    -3.5336 H            1 965801   0.0000
    56 H15         38.5208    17.4826    -2.2025 H            1 965801   0.0000
    57 H16         36.3897    16.4733    -1.9277 H            1 965801   0.0000
    58 H17         38.7288    15.9099    -6.3577 H            1 965801   0.0000
    59 H18         39.2901    15.2433    -7.7387 H            1 965801   0.0000
    60 H19         41.0888    17.0124    -7.5605 H            1 965801   0.0000
    61 H20         42.0656    18.3348    -6.0175 H            1 965801   0.0000
    62 H21         41.9175    19.8938    -4.2154 H            1 965801   0.0000
    63 H22         39.8051    20.5592    -3.3522 H            1 965801   0.0000
    64 H23         37.7990    19.6923    -4.3070 H            1 965801   0.0000
    65 H24         37.9349    18.1531    -6.1418 H            1 965801   0.0000
    66 H25         41.1656    18.6799    -9.1900 H            1 965801   0.0000
    67 H26         40.2103    19.5515   -11.1836 H            1 965801   0.0000
    68 H27         37.9093    19.1520   -11.6880 H            1 965801   0.0000
    69 H28         36.5859    17.8284   -10.2083 H            1 965801   0.0000
    70 H29         37.5733    16.8616    -8.2523 H            1 965801   0.0000
    71 H30         47.1368    14.5742    -3.8517 H            1 965801   0.0000
    72 H31         40.8140    15.7375    -5.6136 H            1 965801   0.0000
